$ANSIBLE_VAULT;1.1;AES256
34646232306664333761343532353934646665633565646161386163333934653437373336333263
6362373736633765633438633939356162323839303836350a316531623138353366323139663233
31346237353266653835323661636231323635313235353263373435363134663165636635613165
6630336664656163390a633934383231663037313731643866383564383465663066613638653562
38643832646634626334353864393562643931636232373164646431613766623664643263323961
31383735346266373832616437316134356134363833333163376437363766336136346261336161
36613731363062356534306430346633666334313133356238303235666439643163396563323939
35383133383763616138643431376535393735653937336138396437636630353864326463313161
39623231633534343464353661386263643931616662623864303066346337653232316336333164
63616263323465646365653239633135646265373430653062613335653934643332323438636661
38666337653039303536386335303531656430653132343564333230313933386239333533366536
30316634306466643265323739663330636632326230656235643865303933373763663535393232
64336661633235383532633133373631623134393461616462393364356438383863346263316463
3864613538333431656230633934353739353638666166393261
